[1239.0193031887195, 656.9139727729181, 1100.489585721675, 718.9055886676223]
[1239.8888322676075, 662.0925883612796, 1099.8371973568483, 724.6404815151068]
[1239.3306054309658, 665.4719319162062, 1097.752341567262, 728.6295259032119]
[1238.4653251743143, 664.4921336914798, 1095.4334718004568, 728.5464426078797]
[1237.4209910589643, 660.9290194498894, 1092.879412106706, 725.8714805549406]
[1236.0568625585543, 658.584793921912, 1089.9210287988797, 724.3281445842928]
[1234.784425684354, 659.3179122824416, 1086.9952433878761, 725.847452814873]
[1233.9761355260152, 659.308454299239, 1084.4551518325713, 726.605603381654]
[1233.6064034881063, 657.9028960338707, 1082.3342441001064, 726.0957204338187]
[1233.4944621447376, 657.3667826687623, 1080.4318741473185, 726.5291234636425]
[1234.1374328157258, 658.2398679436512, 1079.1718867638374, 728.3046482485505]
[1235.527799383695, 661.983139844774, 1078.5856533802237, 732.9760793396558]
[1237.8168288322515, 664.8360311351315, 1078.8339897150088, 736.8396771248531]
[1240.778190281128, 665.9351583907862, 1079.7590194901181, 739.1899039431554]
[1244.2022822868705, 666.413518601303, 1081.120509364454, 741.0895008870477]
[1248.0990884105743, 666.9079441813228, 1082.770102595243, 742.8180334182796]
[1253.0804206734701, 668.5923808672372, 1085.328909272727, 745.5966801499163]
[1257.9539519846578, 667.4159736300392, 1087.708291326989, 745.6041885687857]
[1263.5532489715683, 662.1866833382217, 1090.7891310679092, 741.7975460480868]
[1269.077287136548, 655.5032228844449, 1093.7396883631864, 736.6685640313119]
[1275.2483975355535, 653.1278020640971, 1097.0713905203236, 735.5196498433492]
[1281.623986642931, 656.4025295543486, 1100.589347211034, 740.2162281492349]
[1288.3912764189697, 664.1907599636212, 1104.4962389610894, 749.7117017620008]
[1295.9533470420247, 667.644533352724, 1108.920468510481, 754.6172723777931]
[1302.3259121876035, 663.4527290407148, 1112.1519464647993, 752.1779536149319]
[1309.8180540267513, 655.2939075992992, 1116.4470455322971, 746.0571087129123]
[1318.8606562725274, 649.7339818365368, 1122.1718898636173, 742.6610653976687]
[1327.9056345864117, 649.1674481355244, 1127.781476940304, 744.2898296065435]
[1336.3764441967476, 649.1091192626257, 1132.5453131354022, 746.1401595337893]
[1344.7997051976486, 645.9015574297814, 1137.0103449309074, 744.6720009008004]
[1353.8165672560406, 643.0841482013743, 1142.065899533171, 743.9412179002154]
[1362.9488411485572, 643.0458526320489, 1147.1710646008348, 746.1483382399427]
[1372.142999910489, 646.8367737079168, 1152.132739083462, 752.0692153049977]
[1381.3649422972592, 647.6927594736425, 1157.0001400467293, 755.2257923465755]
[1391.3424843300138, 644.0465835899971, 1162.587749947476, 754.3218313697015]
[1401.244965569534, 641.7979025520232, 1168.0051904139468, 754.9888248472138]
[1410.6997699251922, 644.9555231813694, 1172.917068489993, 761.2514129210858]
[1420.8414708952557, 647.7683900592984, 1178.0516102449892, 766.7042820914751]
[1431.4415196734642, 644.7168901367476, 1183.2897770995955, 766.1372974325244]
[1442.861799934536, 636.2588001908155, 1189.1052056858769, 760.3089969685199]
[1454.67628829222, 631.4193159621498, 1195.2858174084113, 758.536366454843]
[1467.0018682527402, 634.4625804090034, 1201.9335739973837, 764.9963857104797]
[1480.1013684781851, 641.4703191309248, 1209.006547024977, 775.2618871959761]
[1493.8882244466038, 643.9612636629512, 1216.2936101672806, 780.8024721534193]
[1509.0435733067102, 637.3754466996381, 1224.6408778633065, 777.6255119719085]
[1524.3268022335114, 627.6267849630082, 1233.1352686775888, 772.1420143366131]
[1539.9745270561832, 623.4454472114909, 1241.9450524245417, 772.780141343951]
[1556.5562235241507, 628.2748949894391, 1251.2666196862401, 782.2134932564453]
[1574.218529427439, 634.8776528388682, 1261.1802663876729, 793.3859834907969]
[1592.932128226424, 634.7858809624636, 1271.6941177833562, 798.1910622279304]
[1612.8319634096279, 627.2575964777611, 1282.9465693524935, 795.9966919925716]
[1633.4475414339765, 620.065875034846, 1294.756111883056, 794.9398982119608]
[1655.5098439998396, 620.9437319638173, 1307.421543276709, 801.9328529775515]
[1679.5095569735493, 629.154504901862, 1321.1984597522444, 815.824571275441]
[1705.115826137741, 635.7213328906549, 1335.9544468977208, 828.4950445429265]
[1732.4673258995676, 634.3148338380555, 1351.7992830457824, 833.9816227385359]
[1761.7246851585378, 628.4014279801374, 1369.0253631089527, 835.9007552377803]
[1792.724062299769, 621.515048516366, 1387.292264516807, 837.4265269742373]
[745.1921001330627, 606.4770976833317, 239.20618187969816, 1059.1591535168636]
[819.9807305609214, 602.4259906371828, 327.50633011904716, 1084.2794369881549]
[901.8639796765625, 598.4627739281912, 428.2522312171032, 1112.1280054688218]
[990.823384728639, 590.8017552633692, 544.0883310941186, 1140.8624783489765]
[1087.8101370731151, 584.1241621025106, 678.691094850276, 1176.3894057253724]
[1193.0455594397404, 581.9499082654899, 835.6261260664633, 1223.3001651726013]
