[601.6554327973665, 682.4020365387639, 750.8058094565953, 720.738862803728]
[597.4054979099114, 686.6563260108688, 748.5619855599602, 725.559166781782]
[592.7724118446708, 688.2773573409504, 746.0073010904965, 727.6978315277917]
[588.5252620880736, 686.6512790745245, 743.9449308836728, 726.3590188131052]
[583.772028886575, 686.7425495816149, 741.4422461719168, 726.698767281061]
[578.178021522427, 692.5595721349526, 738.168818455337, 732.7265274495638]
[572.5224551569353, 695.9589863901837, 734.7872018438683, 736.7416517403702]
[566.6549385634563, 692.5945558821942, 731.2150537858904, 734.174423191798]
[560.9863415342295, 684.0373995561521, 727.9085663852884, 726.3991204819891]
[555.2182643370762, 680.2729776620564, 724.6066480987482, 723.230227398374]
[549.4575904740889, 685.154795386861, 721.3863146076799, 728.5956154205484]
[543.684733976815, 692.8306434006909, 718.1501277354092, 736.9830869404606]
[537.7054488660337, 694.6629400858893, 714.7226826001887, 739.7748716561572]
[532.2580271027574, 688.1719529166838, 711.929978692863, 734.1221496385812]
[526.2977294452629, 680.9994901455714, 708.8230224503595, 727.3743269001312]
[519.9922079681246, 680.7887405452602, 705.4929973029051, 727.3953953447748]
[513.5653587718602, 687.9799166281321, 702.0232070347171, 735.1331205789859]
[507.0369801197605, 695.8426325516263, 698.4855264100833, 743.7546683559964]
[500.3606559751083, 697.2388614816174, 694.911945913099, 745.8865811307825]
[493.55237435165395, 691.8513804865755, 691.3371873464777, 741.152986388119]
[486.30383459763544, 688.6539021817862, 687.4986596841164, 738.3438204735178]
[479.2363960452174, 691.6556203334342, 683.8458159474382, 742.0253061273638]
[472.22179256811285, 698.9947640816473, 680.2016173523391, 750.5838707842878]
[464.89164947117723, 704.3961571616577, 676.3614294842089, 757.2590211228587]
[457.3404800218637, 702.8375470828182, 672.4876208505416, 756.8192362246567]
[449.67213521495086, 698.3660916934883, 668.685608556007, 753.2478700596921]
[441.51325845422645, 693.060516406258, 664.526688636004, 748.8717298301204]
[433.42018671609554, 691.2978892026279, 660.498827619361, 748.2463997786402]
[424.99591183568026, 693.7864753791027, 656.3477652247213, 751.6043432446626]
[416.6937691829884, 696.7873360710086, 652.4841184300552, 755.387483571456]
[407.4361227245622, 700.2800077870448, 647.8538689404849, 759.6899955170718]
[397.87947527347063, 701.3763662729211, 643.0185691442658, 761.9216913299608]
[388.01343254061567, 700.1510652874928, 637.9904386712008, 762.1070672313704]
[378.1518095064717, 696.6539473639918, 633.1633476612277, 759.993218625863]
[366.75276965678063, 695.1723357542077, 627.1380481519188, 759.5522367057588]
[354.4974355532908, 697.2712176274156, 620.5085216506417, 762.5796707859852]
[341.73997388087884, 701.2333878734814, 613.4686829743505, 767.9741419946898]
[328.4133429752764, 705.4182522386977, 605.9894865645022, 774.0387733036006]
[314.50055715111114, 708.6242526783067, 598.3921289608663, 778.3724018945068]
[300.8200986231812, 712.7453178366675, 591.3915157598661, 783.0743963863299]
[285.89185905139647, 717.0205160527612, 583.4941769032592, 787.8630856285447]
[269.72264602365624, 718.6932908315835, 574.579623626934, 790.6100617711102]
[253.12419016641755, 716.2652047209376, 565.427383806175, 789.822840403479]
[236.62783959934055, 712.1228499269145, 556.771052014697, 787.0154118683422]
[219.24178701292124, 709.971828137241, 547.6057783110195, 786.1680381685514]
[201.08559683765228, 709.6552294676424, 537.905869209735, 787.762014675433]
[181.29303739254433, 711.2639168003859, 526.9602233009471, 791.5976743885809]
[161.59532042893971, 712.5224180869411, 516.4286901270652, 795.2735482329932]
[140.85908213350427, 712.7640937303483, 505.4508970262534, 797.5465338439604]
[118.9051537608833, 714.5290078272972, 493.8218548444339, 801.1448797824321]
[96.15818477255466, 718.8826450843619, 481.9013038050336, 807.3772135656666]
[71.8614872105416, 722.3349117574722, 468.9985531843276, 813.0130937313081]
[46.327805177265155, 723.0407185851477, 455.4537498016737, 816.0997722256634]
[19.490804079752092, 723.6127346494275, 441.33018312563405, 818.8353651867104]
[43.45138478915727, 791.2279739378498, 788.4787511719655, 973.6571631416385]
[100.8570318831988, 793.577474036567, 861.3543541587851, 984.5643398629895]
[161.0757780825379, 795.2314240964663, 939.3744803305814, 995.0011591217964]
[223.11498000796695, 797.6454302017462, 1022.2195397231767, 1006.1462550811837]
[287.07200776775784, 800.1781877689145, 1110.3674519525111, 1018.2142804483613]
[354.12359438176736, 801.5386336492076, 1205.1531628608807, 1032.176011069407]
[424.2838354129068, 802.868925696916, 1307.610288109042, 1048.6708336261588]
[496.9240467287436, 803.9182061203738, 1418.4372398464354, 1067.0760740685605]
[571.1670370836438, 804.2137890918771, 1538.2530966728948, 1086.8510678080902]
[647.6896154459452, 803.4017061268822, 1669.5647633335411, 1106.9469131358424]
[727.1491353518385, 802.805960360793, 1814.5773843968861, 1132.3428474265988]
