[902.9483502945043, 652.698791206095, 894.8355274885046, 718.3335128312048]
[902.0379864740214, 655.7669329464003, 893.743192728616, 722.2460652496171]
[901.0471294180908, 652.4171070393542, 892.5153780371907, 719.745517037661]
[900.3472566722686, 643.8263536809861, 891.596504640087, 712.0142689399404]
[899.6312878732471, 639.6129440250093, 890.7254321589013, 708.6850083059029]
[899.0219980641103, 643.7724726975229, 889.9880027726892, 713.7553701412412]
[898.5735553530004, 651.1351042639486, 889.3168816079393, 722.0479207343243]
[898.0050468610966, 653.1091804508059, 888.4349548798216, 724.9629622348866]
[898.0403944749463, 646.4978499123821, 888.2219349755381, 719.3106867287872]
[897.6455882461512, 638.3291429867243, 887.7407634936715, 712.1383110275959]
[897.0223889294766, 636.6842891543295, 887.0931510698093, 711.5161686235257]
[896.5039543031515, 643.011594808334, 886.4100969994545, 718.8865943437866]
[896.089731263442, 650.3689377688598, 885.7460295158876, 727.3170960088597]
[895.687538642031, 651.1674758792366, 885.1168940634838, 729.2171346017508]
[895.3052421490961, 644.9834340693475, 884.5587278370136, 724.158628871014]
[894.6254967473691, 640.395923455349, 883.8013523104077, 720.7346977688726]
[894.3746903872808, 642.5250521669991, 883.342313130508, 724.0481677079637]
[894.4818885631232, 649.993843599058, 883.0294727389423, 732.7217898841207]
[894.5247071573905, 655.5471855614911, 882.6417713859892, 739.5276731474861]
[894.5348220080443, 653.7695643003163, 882.2965802590229, 739.0455423066857]
[894.6129767361706, 648.5834586919595, 882.1122431478173, 735.19078006953]
[894.4444052183944, 642.5598814269895, 881.6710206609991, 730.5290207277536]
[894.6216768824804, 640.4191521032888, 881.4921051106697, 729.7748835063179]
[894.7098576142935, 641.895463544863, 881.3130746553137, 732.697964011481]
[895.1648486281874, 643.6117739664137, 881.532329307836, 735.9174602506636]
[895.0183977374244, 645.7644901415354, 881.1391255260888, 739.628415312999]
[894.9390480619314, 646.0878629310871, 880.699601866849, 741.5416228681987]
[894.9270371050278, 644.5549250726777, 880.2369326369485, 741.6305859566723]
[895.2318659389189, 640.6018026777358, 880.1085996722419, 739.348986964784]
[894.3915291627576, 637.8581511052478, 878.9557181788572, 738.3445279773961]
[893.0975370361652, 638.3379993126949, 877.3722162019907, 740.6337397378242]
[891.8048983784275, 641.5611745294542, 875.6017297474928, 745.7059509057467]
[890.469989914515, 645.76411392886, 873.6307661577758, 751.8079783297236]
[888.914790536637, 647.3320325518605, 871.6971734526634, 755.391217020429]
[887.9219590170125, 648.5809459902149, 870.506467399694, 758.7558826116301]
[886.2599409593911, 649.68274572819, 868.661003263727, 762.0602529459056]
[884.0769872276171, 649.1452534151625, 866.0959771043077, 763.7781823041898]
[882.1200502817942, 645.5024275924992, 863.5687800595095, 762.4345329730212]
[880.7777973613861, 639.3947832203525, 861.7704922551047, 758.7078024389956]
[879.2030307536285, 635.0360409445078, 859.7390767486037, 756.8141654030347]
[877.6710738227911, 633.5253720735145, 857.5271663755489, 757.8262198739171]
[875.4192051412377, 634.3517149606507, 854.4681694138801, 761.2585679270139]
[873.9340003179583, 634.9936073081228, 852.0986035340723, 764.6081378368214]
[872.2177777236453, 633.6425745541901, 849.6309746480891, 766.0811959378228]
[870.1785719228062, 633.1681022251988, 846.8870538276275, 768.5615694682067]
[868.2917148821044, 635.0624375319285, 844.245294872224, 773.5350267188553]
[866.0102664064818, 636.3674166119038, 841.0935408307254, 778.0443380578496]
[863.6161580805722, 635.0579412051774, 837.7576858389011, 780.0535084221955]
[861.0308974681236, 632.9142805961538, 834.28084779704, 781.3586975558168]
[858.9474330236264, 631.6120377156144, 831.3012831493496, 783.6487370851381]
[857.0038399773771, 632.5132027289004, 828.4815161813613, 788.2895370230984]
[854.773013915839, 634.427569256814, 825.1782129176328, 794.0790647602668]
[852.5654630914734, 635.8855168537914, 821.7149894888599, 799.5315856310992]
[851.7884380485114, 636.459901407832, 819.6225373025784, 804.2183442496773]
[852.2674862924787, 636.8956207279024, 818.7498873840223, 808.9240076442677]
[853.7933022643526, 636.7810240370446, 819.0761372116833, 813.2574507821301]
[857.8115512081911, 637.0323064928587, 821.9257024225784, 818.1050366958867]
[864.4026667223566, 637.3350668037358, 827.19930176294, 823.1092404870496]
[876.0728756837364, 635.6697077559851, 837.4274311212619, 826.2386565095879]
[894.8247881781322, 633.0185481906766, 854.785021055961, 828.4775035643448]
[920.1708004451763, 632.2739801863719, 879.2293754644209, 832.8514259258465]
[952.2175334002193, 631.9487268807815, 910.7690974903028, 837.8755921130285]
[990.1933224696478, 629.3012187567379, 948.6463994897845, 840.8323720590716]
[1033.6652447394401, 627.5432605692287, 991.9751829395971, 844.9004173615932]
[1081.2837221262505, 628.9918536571297, 1039.2036688684605, 852.4215046700645]
[1134.0833431621238, 629.1630618760556, 1092.1579507335755, 859.176587937144]
[1194.1815393355043, 625.9495986897693, 1153.2442825065239, 863.1290678840437]
[1259.5318133847431, 623.1982228594808, 1220.7119715430847, 868.2275215339067]
[1328.8180430446005, 622.6825253928341, 1292.9714196128027, 876.2913207074757]
[1404.1081519044026, 621.5996533090363, 1371.991578068836, 884.566230065346]
[1488.1095403849124, 619.6133516855865, 1460.5084585833022, 892.7737157266544]
[1580.3093284911022, 618.8872509673284, 1558.1529008589648, 903.3578053676011]
[414.70622953988794, 601.5920406305069, 441.96021083163225, 924.3001646047566]
[530.9980688735902, 600.3619884264058, 573.1073384482495, 927.8964383139961]
[648.6014941820775, 599.1452513469386, 707.1482946155187, 932.4600041065881]
[767.0824902987995, 595.9116538362641, 844.1056061976973, 936.0071409403996]
[887.5727080497524, 589.9036400749578, 985.5463664743686, 937.9094991614186]
[1010.856523404555, 586.0307901235091, 1132.3116717182156, 943.3401332773706]
[1136.8550194439542, 580.7642745503904, 1285.7143013782918, 948.551009589542]
[1266.8414811931416, 579.2414532844695, 1447.5109399454502, 959.0826431972367]
[1401.8635257026062, 576.3079089637916, 1620.2502123744189, 969.7625034154555]
[1544.5316094264206, 572.3867628796135, 1807.580087529219, 981.7268838727198]
[316.78539489842336, 144.07867381962507, 666.3012722146543, 543.014282505728]
[468.6644240013312, 142.04153819055833, 840.7567950101756, 536.8845064452936]
[620.4730540883895, 140.69950796370543, 1018.6417894002609, 533.1919051887648]
[765.0830706470948, 141.11811280758295, 1189.9552950656828, 532.4536800637366]
[907.5048772058559, 139.88010144769376, 1361.7878008747684, 531.2786755704001]
[1049.5894810582558, 138.97015708222312, 1536.56940292561, 531.5995735957953]
[1189.8113974544137, 139.2946084209252, 1712.7089094384035, 534.5085652178992]
[1329.3459338854716, 137.33725335089918, 1892.0519579044367, 536.7034541840598]
