[838.6693939073164, 666.9883227500026, 831.209875906186, 722.6442368150745]
[837.695290404946, 671.0627959482703, 830.0131074388217, 727.4478420570623]
[836.4085695011325, 672.4045830316593, 828.5228717970388, 729.5381952875132]
[835.5539898538193, 670.1146585919608, 827.5524770303327, 728.0214844108024]
[834.2772411525916, 669.4557383861118, 826.166691521237, 728.1551100925243]
[832.2561885077854, 674.4255883353162, 824.0290157090701, 733.9446175532172]
[830.3009892359235, 677.5937329737094, 821.8145008743056, 737.9352718324238]
[828.2306196530899, 674.2685931624972, 819.4362375568992, 735.4359821916423]
[826.42596389241, 665.7100119874091, 817.3400359259201, 727.7119999062077]
[824.6097181372988, 661.6148007207627, 815.2824589863047, 724.4801472006301]
[822.8905914661283, 665.9497550130321, 813.333674979114, 729.710726591225]
[821.2778527410217, 673.4020935646121, 811.3959104820943, 738.0789730800639]
[819.5809722559019, 675.3769871351911, 809.2981077819071, 740.9803221257162]
[818.4723675251983, 668.821677312839, 807.8512430800577, 735.3669772679982]
[816.9478796482642, 660.8941932205848, 806.1328903688235, 728.4225164327261]
[815.1863721266028, 659.5802235508253, 804.2209126584686, 728.1260367512316]
[813.4792791881185, 666.1152415132469, 802.2199876153715, 735.7030249610044]
[811.8155715276084, 673.6085898552437, 800.1748120109171, 744.2690328326744]
[810.1334330324286, 674.564818787713, 798.1323813678027, 746.3250818736751]
[808.4568613633348, 668.5799281362845, 796.1442364962645, 741.4638671519392]
[806.4734611967691, 664.3138078374592, 793.9295993431318, 738.3666144107726]
[804.8472948845015, 666.6535366639624, 791.9335011264817, 741.9007235849755]
[803.4962088757188, 674.120017723757, 789.9992547480095, 750.5825846075959]
[802.0436096678201, 679.6717277604495, 787.9452001151602, 757.3984150825756]
[800.5207772791964, 677.9756327090458, 785.8889036594484, 757.0096818261703]
[799.0475395582723, 672.9727448688559, 783.9622293122629, 753.355833772838]
[797.2806195503493, 667.1291955870219, 781.72212783022, 748.8959194391035]
[795.8091364677837, 665.092549124351, 779.6814050132497, 748.273102925704]
[794.2148886565662, 666.8052487630689, 777.579320678676, 751.4710657770133]
[792.9531901315039, 668.818369326723, 775.8241443135008, 755.0337662506407]
[791.022771881461, 671.2820809499681, 773.3710366902201, 759.110152635276]
[789.0890452682903, 671.7938910142525, 770.7955984110987, 761.2669908134684]
[787.1273737359519, 670.3505825425664, 768.0899815664593, 761.5030088654452]
[785.4459623628429, 666.5164684238526, 765.6685341454424, 759.4041711676261]
[782.4962558847579, 664.1570270839236, 762.0560208159071, 758.8868510592145]
[779.0260702492258, 665.098777635893, 757.9132072734517, 761.759307139192]
[775.4501524147394, 668.6012870695804, 753.4537977744517, 767.2387685115699]
[771.7274963485064, 672.930227363839, 748.6658355795103, 773.5997096514004]
[767.7462349708957, 674.9794009963967, 743.8389629038109, 777.8269090400214]
[764.2814996564179, 676.9712885324517, 739.6701299544787, 782.1262774709124]
[760.0559337061587, 678.8827243470386, 734.7189592689734, 786.4569066875625]
[755.163276925218, 678.9566174131306, 728.8757331700481, 789.0122315979414]
[750.3577617632457, 675.7189519438465, 722.9078611999217, 788.3024152019282]
[746.0855246080603, 670.1683358566157, 717.547340966089, 785.3914836212986]
[741.4736431118887, 666.4128465857863, 711.7934893425145, 784.3911656271579]
[736.7641810579388, 665.2910844372972, 705.6651328840785, 786.0988443112941]
[731.164524507241, 666.4208151541303, 698.4509085445467, 790.168520074142]
[726.2077737050454, 667.3410833453916, 691.7444220900289, 794.1560046589129]
[720.9237397105142, 666.4648280590649, 684.7810506968664, 796.5118206289088]
[715.1575072042467, 666.6046419644396, 677.2983669880178, 800.068091816321]
[709.396799337806, 669.1450145814351, 669.6800619542346, 806.1991910293904]
[703.05566560558, 671.0408379120349, 661.2773046615508, 811.8546453297239]
[696.4188613828218, 670.2940245132457, 652.4229090781345, 815.0258598478981]
[689.4214660374117, 668.8471456699438, 643.155379011388, 817.6990539706127]
[682.7828127935114, 668.3348539658955, 634.1337886576139, 821.516783366245]
[676.0901816229066, 670.1514534272346, 624.9386706782497, 827.8997450531878]
[668.9131985805451, 672.8524214276064, 614.9253294740827, 835.3631768826928]
[661.5620124330002, 674.9631760114461, 604.4157128527287, 842.4147102028761]
[655.465496673118, 676.1627856727678, 594.9596237917928, 848.7373625360741]
[650.4528244065043, 677.2553708155889, 586.3956161378167, 855.1908689885142]
[646.3663753750909, 678.0651656204204, 578.7595712456307, 861.660483400212]
[644.6694302742103, 679.326328232141, 573.3896250741485, 868.8166269268245]
[645.4214764466709, 680.4382253236514, 570.1478317510079, 875.9785738108181]
[651.2199831132081, 679.3250245318857, 571.7031592844315, 881.0030156932761]
[664.1314163057478, 677.0862646436381, 580.3079539729999, 884.9855687245358]
[683.7486328186955, 677.2358548065041, 596.0040361260154, 891.6896459559134]
[710.1202653430565, 678.0656227614035, 618.7391006292619, 899.3769098335621]
[742.4396592756156, 676.8021642804831, 647.7425173853035, 905.288599022353]
[780.1837927427727, 675.9931372182479, 681.9442263579854, 911.8351517658768]
[821.9001763935562, 677.6186367502033, 719.5878944308735, 920.9732664957138]
[868.5886788242572, 678.2598249293518, 762.5288284065282, 929.7593512549543]
[922.3183505539549, 676.0680046032322, 813.1648942719552, 936.4404998462013]
[981.0302488356292, 675.1544139004756, 869.6376169599417, 945.3771200040345]
[1043.2984955134255, 676.7936622652261, 930.1123609990599, 957.8513892816546]
[1111.0393059272446, 677.8685308811704, 996.3891552847174, 970.6718011107474]
[1186.8252717861926, 678.0102176844721, 1071.0116543130578, 983.6077735048367]
[1269.9995895247434, 679.0134577114788, 1153.311868582095, 998.5793175983929]
[1360.0517400729739, 679.5881369015616, 1243.4726071797568, 1014.8546173962056]
[1457.2177052118848, 678.248241819217, 1342.0837758519963, 1031.214357094603]
[1561.4601641779732, 675.643711058635, 1449.669749277998, 1048.7981775206692]
[474.70458785677465, 662.181033442907, 430.34545586140683, 1131.1193897009402]
[608.3534171332735, 656.7476686840964, 591.8962401560261, 1140.1437852614206]
[745.0133690293013, 653.3171210219048, 760.1068766644001, 1153.6703743865849]
[884.6305342024622, 649.0975015205943, 937.0186126012765, 1169.1594598871263]
[1029.0068442951554, 648.8744069493872, 1125.4981743651197, 1192.019602527614]
[1179.397305949352, 647.8321903253727, 1329.4476788556728, 1217.94955328562]
[1338.9922405713974, 645.9305058040297, 1554.4019266980683, 1247.9946707646116]
[381.8842144605089, 216.42281799142486, 863.0798863854966, 830.2594926880197]
[567.8956629809226, 213.52560285289883, 1101.881548402378, 822.3130630327628]
[748.5302509722027, 212.9073701682424, 1338.802778773672, 819.5154968785068]
[925.958404779224, 210.87342344912508, 1577.2385797748088, 817.9420832590437]
[1102.7894140112428, 209.39103270886946, 1821.3694571686408, 819.5516118697044]
