[1666.4875871268796, 703.703711432759, 1650.9912332979447, 718.1149198363022]
[1684.432648044526, 706.0766283739628, 1668.4208495713976, 720.8607019329526]
[1703.9798748565138, 706.5224650483689, 1687.4477464814427, 721.7322315110932]
[1723.789468222325, 706.5598485441994, 1706.7104770467643, 722.219663728712]
[1744.0623491227675, 706.4760296000868, 1726.3671084942025, 722.5751048022402]
[1765.7010459985759, 704.8253529636744, 1747.3064921297873, 721.3542418436782]
[42.22006385040518, 701.7754250837934, 23.152722180531732, 718.7586930441897]
[1789.359950465596, 699.6899946280166, 1770.223094156657, 716.6966157939003]
[65.8779596033783, 696.3319740634256, 46.35429508771141, 713.6398099619706]
[1814.087448142801, 696.0400143268305, 1794.167496647555, 713.5562530694577]
[90.75541676644298, 692.7174036261639, 70.76419182326427, 710.3739995225544]
[1840.26208594469, 696.8103743503267, 1819.4819966052821, 714.8312030842673]
[116.04775285567798, 693.8581806749598, 95.54855521921957, 711.8777603911577]
[1867.0455242055336, 700.6758327511438, 1845.3451143999328, 719.2121885524517]
[142.02624760648598, 697.8457362534696, 120.99251233378531, 716.2493427151857]
[1896.4014859492945, 704.8962431485752, 1873.6966773298172, 723.9703881194525]
[169.6393435268162, 701.0962240754616, 148.04715159353876, 719.8874764012833]
[197.9775951038143, 701.9164460686608, 175.819171473799, 721.1225706075504]
[227.61915752544587, 702.7989386911266, 204.8880314381741, 722.4540874815514]
[258.2186116716499, 705.8817451299484, 234.89433947207473, 726.0208177137614]
[290.01427314096986, 708.8282831457603, 266.05140480151863, 729.4537704317455]
[323.0507500417864, 709.847003835041, 298.4051458668248, 730.9572466293996]
[357.58116534302064, 709.0219380917322, 332.23208298184295, 730.6413490636568]
[393.82667795688513, 709.000810054099, 367.7585284479311, 731.1652697467842]
[431.6167334087466, 710.5188363711081, 404.81900379453356, 733.2745432690579]
[470.4723748496031, 713.9219113024058, 442.8937935503022, 737.280528951074]
[511.0582136463162, 717.710856791513, 482.6449451117498, 741.6694451944186]
[554.467606583555, 721.2608101050542, 525.1849528298628, 745.8294667253052]
[600.6764172734247, 724.6723538252536, 570.493192494112, 749.866332422281]
[650.0671057366864, 726.1625491603578, 618.9720879601025, 752.0237000663961]
[703.1611055791368, 727.5514212609768, 671.1202835558169, 754.0969768731442]
[761.0852288451653, 730.4790499912708, 728.043424365595, 757.7070115026182]
[825.9487856402986, 733.933158378284, 791.8133033566986, 761.7964875544645]
[899.7044860637791, 737.4770388239451, 864.4130209888132, 765.9787402123168]
[981.6374050664724, 739.5955055573955, 945.1681900941658, 768.8276452901163]
[1072.833663949885, 740.2358171464757, 1035.0891537996022, 770.2551963867678]
[1172.655721587951, 738.4159193945012, 1133.4653572260847, 769.259690142335]
[1280.3627968698343, 742.0532187927275, 1239.5009429785148, 773.7265130271616]
[1396.2065229591105, 752.3405342291079, 1353.419289203413, 784.8631241518711]
[1522.5673830713724, 760.2621355153639, 1477.5245569920792, 793.7221284901188]
[1663.1421379332066, 763.4251211025085, 1615.400852038989, 797.9596680600994]
[1815.95615599881, 762.4806661972469, 1765.0753295451916, 798.3488617873081]
[116.96202186785638, 343.57571421709923, 65.28047685059143, 382.0527432335429]
[274.0452782031981, 336.56473371259085, 224.41972585613863, 374.4728241491182]
[429.95832190086816, 330.45649922598636, 382.0850906460641, 367.84015101978224]
[585.9568408568891, 328.1342855300926, 539.5388087646595, 365.03386671215475]
[741.0175406523159, 329.4576788769193, 695.7675523769012, 365.9583327708147]
[895.3040504556699, 329.0525326373822, 850.9168560843408, 365.21748687343757]
[1049.4903841598614, 327.78804380098967, 1005.6540180859304, 363.691926439095]
[1203.3423065862444, 323.63350081193727, 1159.737728626033, 359.3605087942682]
[1359.204417204657, 320.7973926299802, 1315.520742772227, 356.43937961591644]
[1517.4020182507188, 322.39472151202466, 1473.3424992521566, 358.04968264071874]
[1679.3251052604267, 325.6273761274498, 1634.565496999527, 361.3971838442632]
[1845.4873980060802, 330.20688350031537, 1799.6706541602587, 366.17676737579404]
