[597.2100669224438, 669.9641980819121, 413.1115275537545, 734.6138691507072]
[593.6123349282464, 678.7170350275767, 406.8792615963965, 744.4446713258402]
[590.3429916660143, 681.9227372129202, 400.82988677770055, 748.4270672532804]
[585.5356026096433, 678.4434149689203, 393.2441802239469, 746.0094200786867]
[581.4818586923286, 671.8931757032725, 386.4641058539665, 740.7607338910032]
[578.5547255092837, 668.155623397403, 380.762800598002, 738.3930500498793]
[575.2109220653153, 669.2719025426717, 374.4798121394991, 740.8708170078522]
[570.7893715616091, 669.5527557824316, 366.8570774821403, 742.19278604462]
[565.8216194727994, 665.8093982195448, 358.52129665750994, 739.2811375281951]
[561.0935161823028, 663.5185318035822, 350.44190431047974, 738.119334962764]
[556.0803708091938, 664.3444752085636, 341.97981358047014, 740.188529796576]
[550.6412665800252, 668.229455333037, 332.8694596006341, 745.1532420233311]
[544.7520638421696, 669.4949230552833, 323.24149873138657, 747.6137554144027]
[539.5241883229619, 667.6274108414669, 314.35320668050156, 747.3141470308512]
[533.7515878472283, 667.4839259634294, 304.8013821460172, 748.8536456722426]
[527.0919009107743, 673.0749371183589, 294.1686635853231, 756.2619276124584]
[520.3781280404879, 676.1265268402423, 283.1718764132399, 760.5963399574719]
[513.0254581450611, 672.3610614053713, 271.38072779749604, 757.8817262611501]
[505.79132463222857, 663.3884455734483, 259.6663907136891, 750.0185491690962]
[498.3708261497606, 659.2534749850971, 247.6798985659828, 747.336769535289]
[490.89428901776216, 663.7973593517635, 235.45986387710334, 753.5816980770514]
[483.3934271560922, 671.0674204118206, 222.9147342298574, 762.290696742042]
[475.6223717917609, 672.4146699444259, 209.87429328892085, 764.7625523744138]
[468.25379397401593, 665.4675893842776, 197.29840568569978, 759.1497350129424]
[460.21219830666524, 657.9630613704796, 184.08884167640298, 753.6793662816598]
[451.70454060625275, 657.4682871680019, 170.22635796178142, 755.6147313343761]
[443.0591811001141, 664.275578216506, 155.74710049461981, 764.4903164674108]
[434.2475655039902, 671.6901990941584, 140.7548793259693, 773.7550023233783]
[425.1434804840636, 672.6436488946706, 125.36185970818056, 776.666997924684]
[415.7406414718077, 666.8334223483163, 109.59889378191498, 773.0132519542119]
[405.7207377231528, 663.2966694292094, 93.06278407997625, 772.1644407258063]
[395.8243460773807, 665.8439230596872, 76.14315064696306, 777.0819835521072]
[385.9623676062632, 672.5205080389131, 58.593962886849035, 785.4312527147048]
[375.622125085454, 677.2490517799654, 40.2353725708708, 791.8772637732791]
[364.81668078563274, 675.0721426531934, 21.297914032611843, 791.7631204631507]
[353.66691766945837, 670.0502676649423, 1.8839821618277115, 789.2651180660139]
[1902.4568780146126, 662.392943693059, 1451.2694842872274, 804.8699374860554]
[1879.7348785350703, 665.7197274709441, 1421.9628671910955, 811.5702823372903]
[1855.8888640717055, 669.9875970329796, 1391.4907626804566, 819.52775030179]
[1830.347992499643, 671.080000014913, 1359.0552345877848, 824.0608794674737]
[1804.4358821094102, 668.150898798932, 1325.8312034869236, 824.4028831539138]
[1777.5527799117965, 663.0154348209904, 1291.7013679778886, 823.4677721733924]
[1750.2667103786978, 659.7073125360828, 1256.9762171252564, 824.5763306572599]
[1721.226227726579, 658.0685778301867, 1220.0108252336372, 826.389283440738]
[1691.2723709635668, 657.8266151777124, 1181.6469164694893, 828.9492875807692]
[1660.416662666358, 657.5943604663655, 1142.1262570614426, 831.5083476591818]
[1628.3386950872662, 656.4475706387403, 1101.4334449308578, 834.0445500950191]
[1594.853870448947, 656.5616986969284, 1059.3037460401938, 838.3654920348883]
[1559.739110518505, 658.951746897179, 1015.1988885764906, 844.6302236587578]
[1523.080158940262, 661.1586436679828, 969.2609861797638, 850.6921818289763]
[1484.7288944786533, 660.4079709968771, 921.5386412693929, 854.2851553920598]
[1444.6729223285295, 659.5420517261545, 872.1064226589996, 858.4433806052085]
[1403.420727597862, 659.5446283631667, 821.3273588045076, 863.6705816111854]
[1361.2383924465723, 662.1921290318079, 769.3956171725023, 871.6042161803108]
[1316.94510613767, 664.7911185038399, 715.0091228125001, 879.0951512687241]
[1271.0189884037393, 666.5163629402415, 658.7104160694024, 885.4713292888074]
[1224.8701044320587, 666.8362388091709, 602.0736622195752, 890.5928681549991]
[1178.1261783820735, 667.215884432383, 544.8289050550833, 895.95089454956]
[1130.6161194872627, 668.4560802786933, 487.0741203667378, 903.0065567679286]
[1083.5957411125146, 670.4584676125634, 430.06506498172155, 911.0906766575605]
[1037.59431322898, 671.4412461853276, 374.15003730358166, 917.7031580345622]
[994.6388719226252, 670.8614883511043, 321.823280668962, 922.354908868663]
[956.4757232331528, 668.1163953941715, 275.20003371542145, 924.549828550048]
[923.5508664975083, 669.1571147827472, 235.24567600486367, 931.0522274965886]
[895.5455576613663, 672.8166576104057, 201.65654721161732, 940.2281552027658]
[871.7562359345575, 676.4301540758955, 174.13191252064718, 950.086288370644]
[851.0937397313235, 677.989691293152, 150.8730199614885, 956.9094815163634]
[832.5798976695718, 676.1523718932174, 129.98663886916063, 957.6993124466776]
[815.7571877464154, 675.1069226187639, 112.44166851956143, 959.6045922492455]
[802.8203265090718, 674.1991475838788, 101.60351371340735, 963.1448054183593]
[792.0844828867946, 678.8012835561395, 95.05110067180796, 973.1294075340418]
[781.5400245746315, 685.5785478525185, 90.06242376719506, 985.2510491798391]
[772.4752070794049, 691.7194378377463, 88.31066199075764, 996.427997831765]
[767.2201395783989, 695.4993425565499, 92.31381759284369, 1004.424883322123]
[763.9262672969664, 696.2482586604636, 99.6093421678944, 1008.2747328822126]
[762.3971161182748, 696.1512557903678, 110.53525259486135, 1011.1713290173142]
[761.2213076318934, 697.5027795627684, 124.02435007101136, 1016.1810729428865]
[759.0972211582065, 700.1146885299626, 138.821633581397, 1023.2742853304507]
[756.0799420011876, 703.662427817625, 154.88639234490353, 1031.5527657670189]
[753.2502957728307, 703.719646766406, 172.953516389368, 1035.790376010015]
[749.8075238980556, 701.5302598718597, 192.29958444837118, 1037.2727933681124]
[744.6266836512567, 699.2643534609058, 212.44847358631193, 1038.989135715959]
