[1361.6126075462482, 682.4019090147361, 1409.8235096003068, 735.2087475939105]
[1368.8992033624393, 683.2276630668314, 1417.8687911378668, 736.9775244308224]
[1377.5020153891767, 685.4147752808668, 1427.2056385391136, 740.2113553949525]
[1386.1986032968289, 684.7348645388798, 1436.6601594222127, 740.6063743381447]
[1395.8674217857986, 679.8446473259334, 1447.1629704758545, 736.7855040493221]
[1405.7253827530394, 673.4164764328534, 1457.900711230607, 731.4533086417468]
[1416.488494595933, 671.612011385383, 1469.4701176502263, 730.921305723821]
[1427.753012315166, 675.3501855540353, 1481.663917635319, 735.9569839747404]
[1439.725523407066, 683.5017320665028, 1494.718337342326, 745.4102336584104]
[1452.8696615320966, 687.6366208498025, 1508.8361084718529, 751.0065496048434]
[1465.1552066010488, 683.9314392596575, 1522.1394759026973, 748.7396027909299]
[1478.985517685715, 676.0397739992727, 1537.0843225927078, 742.3037541481866]
[1494.8513523256063, 670.6890630467007, 1554.1607557132095, 738.4935406865765]
[1511.2161310657157, 670.3609429913224, 1571.8017940872526, 739.8093854351036]
[1527.4591297913175, 670.8966880600952, 1589.2150590785393, 742.1783298672447]
[1544.1952882260173, 668.5274578314094, 1607.022248524255, 741.8041555562594]
[1562.115792537714, 666.289703393206, 1626.1604505619391, 741.5810944903712]
[1580.7473331952633, 666.7541317599698, 1646.1042953004312, 744.1383513253867]
[1600.0966441482858, 671.3066915874927, 1666.765700125489, 750.9576936711812]
[1620.2117811422645, 672.8865911327347, 1688.219050100714, 754.8946713678458]
[1641.930289269494, 669.6194006688592, 1711.3988015514446, 754.0133797786249]
[1664.4039651242936, 667.8144935716849, 1735.4115391261437, 754.7015949157917]
[1687.3377632464806, 671.3280150283213, 1760.0305797906099, 760.8283052936335]
[1712.0525104372377, 675.2836693200188, 1786.2111816033544, 767.7356088629997]
[1738.5009278357227, 673.7774614399448, 1813.9157923395992, 769.4317204802423]
[1767.1887394600005, 666.8332584694494, 1843.77828194261, 765.8855337479805]
[43.975161323404265, 663.0393119012933, 119.51615940211381, 760.9377229558]
[1797.701684354514, 663.1001526038414, 1875.6800001467939, 765.6887399784786]
[74.70491937316429, 660.2105522760502, 150.04616318141052, 760.5979103089613]
[106.91302539224726, 665.0669066401834, 182.1638615662652, 767.8202817042904]
[140.86932437494886, 673.7337857854604, 215.81379478178962, 778.9562164628852]
[176.82143076787096, 677.20871050761, 251.0385502415952, 785.2312537659158]
[215.58289376052724, 672.1342198664032, 288.73557777714217, 783.2332093652566]
[255.81468446678338, 663.7895181158874, 327.96186964060104, 778.0358897940887]
[297.83962724460486, 661.3746788868393, 369.08007911841025, 778.7126883714818]
[342.4359524755113, 667.8378055522488, 412.4884996778641, 788.3555226668732]
[389.6300373750174, 675.1305580534213, 458.13265190127106, 799.0411692791965]
[440.82016499076417, 676.0784882326228, 507.179191262826, 803.714007181146]
[495.15916425668973, 670.7011694153263, 558.7822509783991, 802.3957121108953]
[552.7037569591041, 665.8478300307551, 613.3239034474798, 801.7598570216087]
[614.4538370073209, 669.0970925918139, 671.5761716617743, 809.4258078286347]
[681.3873231622206, 679.1236292645368, 734.2597909994014, 824.1420927515671]
[753.6976316284997, 687.0925740494822, 801.3858251035272, 837.157121449458]
[832.097183672943, 688.3476336913587, 873.3584895989387, 843.8846971108326]
[916.9493275150337, 686.0077114084688, 950.6014740199439, 847.3780644288362]
[1009.0601449097393, 684.2363204657379, 1033.5870999291603, 851.8972988086787]
[1109.0037745430434, 685.9483039533279, 1122.9738615583487, 860.3399232133139]
[1218.2832105744783, 688.110058552198, 1220.0720323338305, 869.7762400132323]
[1338.839234083876, 689.2533274363093, 1326.0903498338632, 878.8385912076777]
[1471.5077958030324, 691.1309966131478, 1441.1443158174511, 889.3405561709918]
[1618.9814324786867, 694.3940269447495, 1566.9696640031918, 901.9656513987453]
[1783.884626546124, 698.8374930438833, 1705.2141273291275, 916.5515619731312]
[261.90152002047654, 281.6429222205905, 156.50606702122826, 509.7231836006911]
[437.99037000695046, 279.76003983335966, 311.3931517457361, 507.5111500271406]
[612.5544538136123, 278.38219078678617, 465.24596226519895, 506.0177135602416]
[785.8345798820911, 281.8745165165814, 618.234471333373, 509.5764091170184]
[957.8515466921205, 285.7467567687249, 770.1789991498412, 513.5482935943345]
[1129.3853450947295, 283.15584909491497, 921.4350304979993, 510.8656592497774]
[1300.7685174573264, 275.267033716167, 1072.5652827071344, 503.0103261153526]
[1470.8944493139295, 268.98223779468157, 1222.3588002789154, 496.6600716442838]
[1639.6320727810516, 267.1747334886921, 1370.7904982770467, 494.6077366248973]
[1808.1334134543074, 269.41485213666647, 1518.8278058657509, 496.10752361287615]
