[570.054526352008, 683.6348298086112, 709.3739128644106, 726.9989432033515]
[567.0718761153752, 686.5578194285384, 708.086395565829, 730.3400084414702]
[564.1927152223326, 685.3953606315188, 706.9420298336515, 729.6311411639355]
[561.5994344139668, 681.3184782883881, 706.1358481944916, 725.9877705141876]
[559.980603981092, 678.0243499420131, 706.3091311299696, 723.1949933224738]
[559.160537975022, 676.9155708739573, 707.3062958300767, 722.5855749281989]
[558.2754688073354, 678.6030277452464, 708.300392285381, 724.7140475109645]
[556.5592419096114, 680.0285810818024, 708.4657100694758, 726.7818827650791]
[553.7434626938818, 681.0651166865237, 707.5693140039469, 728.5801111558654]
[550.7658662914267, 681.6161879794004, 706.607633542903, 729.7776321978989]
[547.4273218136544, 680.6281690593494, 705.3825302289249, 729.3459033939611]
[543.736028928697, 678.4083583335976, 703.8965014764224, 727.6206300275533]
[538.5109519468184, 676.3631239217992, 700.9085786780255, 726.2720602486814]
[531.5119913884178, 678.0861420531052, 696.2127875317207, 728.7970429746556]
[523.3153620575617, 682.7210461777511, 690.3885080896457, 734.3076953891098]
[513.3958022768057, 685.7664416602325, 682.9783486557146, 738.2054901538872]
[502.86856507182875, 685.8561836729592, 675.1759544585024, 738.8407400360304]
[491.828093628786, 683.2337306870905, 666.9652200999085, 736.815584863759]
[480.1034577325564, 681.2784386985649, 658.1433959153666, 735.6167505296137]
[468.099516818617, 682.1946285027265, 649.1299865377292, 737.3704236666625]
[456.1767655250391, 682.1465847464639, 640.2941812740455, 738.2418587208548]
[444.27542280724043, 681.2338681992244, 631.6444262308086, 738.1544132206689]
[432.1876203596927, 681.4295463500307, 622.956648466343, 739.1550676185725]
[420.3933421661995, 682.517534945923, 614.6441964323008, 741.2085209751895]
[408.87697029082807, 686.4275210401622, 606.7252729339361, 746.1394374240188]
[397.7453752197457, 689.6986676681879, 599.3493532192417, 750.4112514038544]
[386.75648418722574, 692.3111935496328, 592.3583301311334, 753.8042670603809]
[375.6725859778069, 695.0199517059647, 585.495474565955, 757.1644736203414]
[364.4052639484615, 696.5523282973055, 578.5492758195771, 759.6854815540845]
[353.62016463261153, 698.2986014279224, 572.170792635476, 762.708633760388]
[342.0153501362282, 697.4670141243286, 565.2409912724664, 763.1402447209522]
[330.4277660021252, 693.6385336295533, 558.641323191905, 760.3676237704875]
[317.9870027057073, 688.8372401981084, 551.4965843058741, 756.5646107724472]
[305.36442815894367, 686.2753291336957, 544.239959623827, 755.5795276174131]
[292.1268042645179, 690.1190874219354, 536.6612138605286, 760.894590385569]
[278.4019035916165, 699.7151000211609, 528.9390801818522, 771.7430083636538]
[264.47003261729054, 703.2946420517704, 521.2118020849424, 777.0639611414038]
[248.21782107473527, 700.6581165519909, 511.760679226625, 775.8909749684324]
[232.04180701790608, 695.3152483414333, 502.82757670629957, 771.7686763478631]
[216.38787716351538, 692.8771060585091, 494.7247874961134, 770.5607942654818]
[199.5430333437128, 695.2384904145568, 485.809197039016, 774.308541580576]
[180.69550583533257, 696.1603237252966, 475.26597780246254, 777.2204367849478]
[160.38188898765466, 692.6090148450415, 463.71069671384214, 776.1042802950091]
[139.41229841492145, 691.3562758744854, 452.0583745705334, 776.968836071265]
[117.18470738801237, 693.417125641222, 439.6824123313772, 781.1326476247475]
[93.42059682303338, 698.2234772057408, 426.2546283184509, 788.4675688848541]
[67.901951536736, 700.6674555861651, 411.82050774459384, 793.4316726301258]
[41.39389634775315, 700.7597852177065, 397.2471219659668, 795.6136684351706]
[12.840711464259702, 702.8365008546712, 381.4416777297745, 799.7842727693939]
[1420.9131603625458, 695.8142239768044, 1912.3344562951104, 843.3874701347037]
[1376.804707025208, 697.6502150074749, 1879.9878213154204, 848.4096733723585]
[1330.623514843995, 705.53355633207, 1845.600238967795, 861.7325494543194]
[1281.4531843860782, 713.1945708630349, 1808.3739111192674, 876.0455161882353]
[1229.978578730437, 716.5980771045665, 1769.637120097591, 885.3402333858091]
[1175.4747286627403, 714.7752997638415, 1728.741895480173, 888.2623424444292]
[1117.1011757724568, 715.2915541773018, 1684.739636585815, 893.2596761825484]
[1055.30880204027, 719.7611907742552, 1637.4947666549035, 904.3050393386408]
[990.2870120472459, 724.6717699065308, 1587.0777997119603, 918.6880086245928]
[920.7109860379761, 728.8070560601542, 1532.7606250980334, 932.8970096520881]
[845.8684145542907, 729.08410745486, 1474.342818265774, 942.1405783548839]
[765.3389592799467, 728.0297511864571, 1411.339242721013, 949.2172419165278]
[679.1129453777954, 726.7778848940045, 1343.4745105358795, 956.4226379879071]
[586.3244777190135, 726.089101931784, 1269.419062217851, 966.2642399262141]
[486.1053136516684, 730.541020353326, 1188.4905884641016, 982.6218371385049]
[377.8185676040887, 736.391453798575, 1100.2040396291234, 1001.3548430175437]
[259.7977505087969, 743.028214167254, 1002.7310801256015, 1022.2494607093454]
[130.22738552288965, 746.961645970135, 894.1844967250657, 1042.27174941271]
[1203.207675961599, 328.3818277017163, 1885.9825078580675, 757.5624307144071]
[1068.1826395380963, 324.5594858026487, 1675.8122309526682, 755.4973670093731]
[933.1564178060684, 324.55844569341406, 1466.125131291889, 756.6043588286565]
[799.3182825596218, 329.7967865787965, 1257.9452560301934, 762.5688942116287]
[665.6977090787896, 336.62916379739073, 1049.858896641577, 770.1667430741803]
[531.6024190626117, 339.9878625832184, 841.4868533035016, 773.6454404271678]
[397.85349925633665, 339.97401943926457, 634.0783808477566, 773.3137685352923]
[341.0471155443988, 326.21385675704414, 20.437645900610466, 439.7092393454553]
[387.04178460988766, 327.9131036993832, 70.37838037753542, 440.1568062833098]
[430.9519812104674, 329.9689095029299, 117.69211120074812, 441.012858960949]
[471.9955858188345, 329.9113244743121, 161.47787804206766, 439.41279724528897]
[508.51753250023427, 325.63890211590143, 200.14615642237206, 433.5681786634056]
[541.4328438442881, 324.56706090840174, 234.73997400671257, 431.1713197191307]
[571.8552195876372, 324.1964398356807, 266.6325986337621, 429.8854994262273]
[597.8618087583923, 321.8393084789504, 293.7317392212408, 426.757597914526]
[617.9124678552631, 322.37796470205717, 314.3277522123473, 426.47063590773763]
