[471.4916780941146, 641.4238078472409, 705.6464633994887, 734.3888596182132]
[463.033640319609, 651.8053398407874, 701.0709660846721, 746.4090761110671]
[452.88683392664524, 655.7774785068343, 695.1258882200316, 751.8334751375993]
[440.77303614088174, 649.3632644175033, 687.5025076696581, 746.9139038506911]
[428.6293915745817, 641.961710722318, 679.90404987714, 741.2962692708227]
[415.0729065349115, 639.8313678004849, 671.1236454957416, 740.8215708131476]
[400.3456349035137, 641.6785103116825, 661.3019114701538, 744.4849502556528]
[384.73956348375447, 643.9127207015226, 650.8358037156692, 748.5194203222762]
[369.0216332954687, 643.2927496073477, 640.5069637459327, 749.6778671119953]
[354.083450867905, 639.8114007691327, 631.1400335382762, 748.0532006958227]
[339.409817581324, 637.3629405381835, 622.330138167711, 747.2865406889503]
[325.44725941491913, 637.9779836734324, 614.3206280231923, 749.8084064792002]
[311.73232018384977, 639.4701686224641, 606.7079845753492, 753.418532146228]
[298.4458455255553, 640.7644352005082, 599.6568926493472, 757.1059250676954]
[285.4222086909645, 641.1978307778401, 593.1819357579395, 759.8434193181482]
[272.2954437656855, 640.1290176245407, 586.8756709269309, 761.2270789114689]
[258.74464203561695, 639.72280885537, 580.5023487824162, 763.2233786276826]
[244.4914849670114, 641.2705291323999, 573.6555472410739, 767.4999820041577]
[229.76576199334505, 644.4331495174096, 566.6996541691834, 773.4130669430365]
[214.8807556528949, 646.9645196399847, 560.0376643261808, 778.5706670648859]
[199.43976299943682, 645.2999265928912, 553.2653922927263, 779.7163649270058]
[183.57079613982071, 640.7679368146595, 546.5636201958017, 778.0451418131864]
[168.0845190055404, 636.7909032573777, 540.5535143928945, 777.2037653137477]
[152.7595475401021, 634.9716242805242, 535.0814630114053, 778.626208500087]
[136.5622393956012, 636.147352552491, 529.2829667430284, 783.0153957024281]
[118.68938842326014, 636.4991151437852, 522.2564326123368, 787.2525212582352]
[98.66721165074094, 636.1537806462627, 513.7156328643692, 791.2816203452687]
[77.29947732124519, 635.6186236008374, 504.6743675515864, 794.987481372322]
[54.23314045005095, 633.7941308264014, 494.8839803440389, 797.343565136402]
[29.36157335501739, 630.8975113809756, 484.29127420722335, 798.6523457469585]
[1.4159924194788887, 627.5360173918025, 471.5300607373717, 800.3016784588232]
[1198.6791386803575, 618.3857938811436, 1883.5767578221935, 895.0775598522084]
[1137.5115289197038, 620.1842392419785, 1840.5879051427316, 906.7988952468435]
[1071.598005856943, 623.0190713528909, 1794.1107677885186, 919.7609941436684]
[1001.2092245234613, 624.0112468106547, 1744.1812060764785, 932.4014584148953]
[926.2241984989912, 623.5489071759797, 1690.5919162866637, 945.6560053229116]
[844.4100629962803, 621.6027228545164, 1631.612665916761, 957.9740583339427]
[755.286680941865, 619.1041532166155, 1567.4131946217917, 969.4455749454652]
[657.6050699670302, 616.4354975602416, 1496.41884155137, 981.4482266191326]
[551.7484905269113, 609.9083306670871, 1418.3474005324988, 993.0897736532781]
[436.3086636252858, 606.7682073922117, 1331.4888670095236, 1011.8406353445544]
[308.54982526602424, 608.4618135829746, 1233.1623662399263, 1038.9341419602206]
[167.12757340571784, 605.2366292729364, 1122.6329148650143, 1064.010193106722]
[6.652976630860842, 599.7432285098987, 995.7258602762928, 1087.4248004624333]
[968.8913661937714, 189.65965893206473, 1737.6079358180368, 850.5262474053942]
[808.9675724568333, 189.0976161182466, 1452.7582325593712, 850.1725151578795]
[649.6354922409454, 190.5105578767421, 1167.0951995292455, 852.837332954332]
[490.8361252754697, 189.60205689167546, 880.7802837700594, 854.1079368198772]
[235.24599030258392, 290.7656562578702, 41.24154335643611, 371.84761258427096]
[299.8911441334859, 292.98083238680795, 109.96940424133427, 373.2190556907558]
[361.92337412292284, 295.48811191892366, 175.52961553584805, 374.94836219427685]
[420.6536946756728, 295.7164538743956, 237.17152249756435, 374.2268180964889]
[474.5505510358677, 291.6955364641958, 293.44873868193446, 369.27164941727955]
[524.6312655036206, 290.8553379008578, 345.4745454034209, 367.6686402537164]
[572.0629766733, 290.7238443305793, 394.5992081744744, 367.03941810151844]
[615.040553225601, 288.53851487819577, 438.9350723331234, 364.4579642922061]
