[1910.283251402711, 626.8433261422194, 1490.0314860228505, 769.3584126509722]
[1895.655313937497, 621.0145566505173, 1471.5189074045052, 766.1972847474337]
[1880.0241407415883, 616.5874646373217, 1452.2288366993585, 764.9447361875965]
[1864.2925139629963, 618.1711554165195, 1432.405683619994, 768.505521230917]
[1849.0971343826222, 623.2029853248556, 1412.3574515268037, 773.866269217183]
[1833.4234841552575, 627.2826427852112, 1391.760390196259, 778.3638728522125]
[1817.0917516851796, 624.8101906102557, 1370.8006808675218, 777.6167861468413]
[1799.9957684599433, 619.0311851701181, 1349.3758842349205, 774.625217135413]
[1782.6391620446257, 612.2947029947441, 1327.6955803337269, 770.9878746823002]
[1764.9140545050836, 608.0411806970585, 1305.3117276849262, 769.0488679338235]
[1746.7183887666608, 609.1555258682829, 1282.4298297122361, 772.3382227309921]
[1728.5062029408532, 611.001467382392, 1259.4743905214673, 776.5868547845942]
[1709.4677741889393, 613.3663712556169, 1235.664290955605, 781.3936330066356]
[1689.2975167953023, 613.110459123648, 1210.5903641750199, 783.4356214650751]
[1668.6295164952098, 610.0701375999026, 1184.8695747682543, 782.6817126349819]
[1647.819864012221, 604.8513922161529, 1159.037864215697, 780.2665005621975]
[1625.582945331522, 601.6813971571235, 1132.0018940145835, 780.4081975949334]
[1601.5752468567632, 602.0261489736488, 1103.208650235168, 783.8938397245602]
[1577.3897550595873, 603.558743833726, 1073.780126454241, 787.66977880893]
[1552.2627345563774, 604.6325242002822, 1042.9757969318323, 790.0798000531095]
[1526.1736785806438, 606.1015669510268, 1011.711770073438, 794.3381722033268]
[1499.5826019052358, 608.9237734307472, 980.2756631473228, 801.0312454136782]
[1471.8680989523243, 612.8289456724606, 947.7983014167412, 809.1395761912133]
[1442.586440811033, 613.2512705367154, 913.5443414455261, 813.4769732927308]
[1412.9021210006551, 609.3979007360161, 878.6638469015288, 813.3316713100864]
[1382.1777543389617, 603.9693909432858, 843.0643429556286, 812.6251790285942]
[1351.0205785766893, 600.4026692352938, 807.042579484973, 813.9832960007636]
[1318.3006899888542, 597.5968038728174, 768.9648094449936, 815.0240107167654]
[1284.760774187339, 595.517069880592, 729.7009943319005, 816.0597988249624]
[1250.3907855925354, 593.3057675862685, 689.5534199570379, 816.9410337729868]
[1214.7933812280135, 590.7374371902308, 648.5154778270849, 818.4139303275291]
[1177.856611292883, 589.6821512154773, 606.3429146420079, 821.9320023747782]
[1139.5124859667249, 590.4724867002847, 562.5568443415319, 826.9139497019286]
[1099.7480736141451, 590.8810919788286, 517.2941093788753, 831.4668475493985]
[1058.4439358965633, 588.5381242247719, 470.70624181477194, 833.7693809904831]
[1015.6023550490537, 586.4188229127969, 422.87967465928773, 836.9713014643305]
[971.7829906007282, 585.141237288885, 374.22305328381833, 841.1756329656552]
[927.2885905891203, 586.3673923788366, 324.97616895314934, 847.8810933289737]
[881.0726189703986, 587.066323678109, 273.83638379882643, 853.6325651357948]
[833.6091920634694, 586.5279049138769, 221.4565745593162, 857.8682519398544]
[786.2137428809331, 584.5346230421511, 169.53551924273876, 860.7459028706497]
[738.6784671923075, 582.584446504851, 117.88171923864252, 863.7857380289706]
[690.7929250021831, 581.9110454751835, 66.64188823375231, 868.8472024325528]
[643.9912287711714, 582.0705039943455, 17.270633037185807, 874.8947187987344]
[470.68800172706483, 554.3149807371466, 11.314415234719622, 905.443864933935]
[491.8059227424792, 552.0929938620452, 52.13518875413207, 905.7766800637761]
[513.7275036203933, 551.2670321095676, 94.32897661780486, 908.211855076104]
[536.7363531348004, 551.2085028219575, 137.88360820781074, 911.7265774413557]
[560.3319679091861, 547.8303821532822, 182.34444233636503, 911.6541515080794]
[585.4793631828013, 541.7900019067923, 228.16556105461962, 908.8027344015117]
[611.3340795488557, 535.5284925153377, 274.89741356116065, 906.1478309137412]
[637.0301060232142, 527.9881935278281, 321.87965206628655, 902.8874105816215]
[661.8080845492569, 522.3079533613513, 368.8296821922893, 902.3555433006396]
[686.7609489486236, 513.6972535164896, 416.06100859257145, 899.1406609838689]
[710.9641047336625, 506.99334324444976, 463.00543564541505, 898.4297250779713]
[735.3284880815569, 500.95856949726743, 509.7855903173106, 898.5650464757608]
[759.4731902961072, 496.79955749790497, 556.5555920520106, 901.0398855615725]
[783.7007637747691, 492.9430501452643, 604.2855449538987, 904.5597238499835]
[806.9827168572288, 486.8551523387292, 651.9781687532364, 906.3877358434095]
[828.3255587549693, 481.623844693201, 699.2738087029378, 909.8881302684754]
[846.6918766481701, 477.83409051124477, 745.0955965292609, 915.6330612170823]
[863.3278473741559, 473.7033906462443, 790.8046756104466, 921.7234786945986]
[876.785311053827, 467.6608266265934, 835.5018033752307, 926.8801050188164]
[887.0557611859924, 458.336117605799, 879.0384532918166, 929.7452322290009]
[893.7796978404155, 448.9246868384427, 921.8277048919007, 933.6202093548563]
[896.3914768639148, 438.81674903241105, 963.6600430875657, 938.0212373691819]
[894.1229249091807, 426.3623880698871, 1004.1660190749523, 941.4950528082367]
[884.1377587350489, 413.6467803402211, 1042.2558320144758, 946.120022118945]
[866.0578693525387, 398.2564423478385, 1077.784547879919, 949.5834236610136]
[839.727650397263, 382.38720001269496, 1111.341112586165, 954.4990079204885]
