[1113.6220908439138, 680.556012983669, 1298.688646601397, 822.1610608032955]
[1117.457463889622, 692.2432160723193, 1309.3153703599246, 838.7033865439533]
[1120.154297149271, 697.0260722228429, 1319.304008410232, 848.4500842823732]
[1121.4822270245097, 691.45577265944, 1328.2857792857403, 848.093022993953]
[1123.2790952390058, 685.5384937923022, 1338.1467956800882, 847.9206380743667]
[1124.148610781521, 684.3419019454094, 1347.7720199873731, 852.6637284641104]
[1124.3993645945195, 687.4469093495319, 1357.3915739799047, 862.2391534229688]
[1124.3758695759884, 690.8302330695044, 1367.4991196251062, 872.524668068423]
[1124.8681724280275, 691.1998035630512, 1378.9814341005563, 880.2632580061115]
[1126.827810185485, 688.8370079655199, 1392.89993922435, 885.9244167480812]
[1129.813505779453, 686.8319272188144, 1409.1904870649266, 892.4310234523581]
[1134.3753787908836, 688.4147502364204, 1428.423862322133, 903.5776067222661]
[1140.1354360059354, 691.3314139239653, 1450.4026558132941, 917.1952337060653]
[1147.3914346730319, 694.770176064409, 1475.6408648645156, 932.7449300571598]
[1156.0506803504325, 696.9986621270988, 1504.6042113798653, 948.2657481216145]
[1165.99646873669, 698.0824969259139, 1537.4495712418575, 964.3318137839054]
[1176.9618427580215, 699.5154536636462, 1574.5640869704594, 982.4408993012125]
[1188.9283533758612, 703.7404668161616, 1616.3959397523047, 1005.9343969981198]
[1202.2731121671206, 709.5946789027226, 1664.4355916753314, 1033.8124640287292]
[1217.4846984370292, 714.5597778697875, 1720.4100728731594, 1064.050767313364]
[1234.7251303766152, 715.7297440409367, 1785.7246808041418, 1094.7552814050925]
[1254.341306831416, 714.1418368731163, 1862.9621477228548, 1127.9778157331527]
