[840.0078639597286, 680.920439874289, 769.5280007337825, 732.2109615782051]
[837.7412545256714, 692.0569275198668, 766.3883573739763, 743.9606221813656]
[834.1305533142914, 696.4304971147932, 761.9466286381022, 749.0187084501204]
[828.9269242052707, 690.438799165264, 755.9104212585592, 743.7186175678188]
[823.8680313657242, 683.864355703299, 749.9526770481664, 737.7858479965539]
[817.6917984638014, 682.2938212644119, 742.8979758819027, 736.9425136224872]
[810.6259895496602, 684.875026142472, 734.9066788366996, 740.2460854617708]
[803.0171561084303, 687.7397613281197, 726.3717685994094, 743.8715962553043]
[795.6318780199014, 687.6501213135105, 718.0707996062778, 744.5812458843546]
[789.3114007202588, 684.756457615097, 710.8260732674789, 742.4942964316848]
[783.6229489100403, 682.544039325807, 704.2513236975797, 741.1848164589524]
[778.8983215061701, 683.6550787495955, 698.5813553000077, 743.179131810969]
[774.7201793076198, 685.8811678151825, 693.4051820381577, 746.2768883760278]
[771.2997890623395, 688.2403900259355, 688.9231412087937, 749.4724437941701]
[768.5378884043322, 689.501244541374, 685.1213725943553, 751.639200323499]
[766.1281202804737, 689.3777543901379, 681.6353263985517, 752.4280116984485]
[763.7737210462694, 689.7217669982222, 678.2124200582333, 753.7569875854459]
[761.1998666574474, 692.3873579266309, 674.4837412248417, 757.3832782840425]
[758.7090115388874, 696.5508543423906, 670.8252838627122, 762.5625760110828]
[756.6648090788041, 699.7394106050106, 667.6410488865647, 766.8489384807162]
[754.7205239322892, 698.878835650729, 664.5239824306195, 767.1010030655289]
[753.0450913237348, 695.0773455770574, 661.6721296160464, 764.4609981730154]
[752.3176383877138, 692.1093429212494, 659.7105964829527, 762.6653385332155]
[752.3619492792624, 691.2963332960483, 658.4893777039487, 763.0802901581158]
[752.3263700416118, 693.2181328635209, 657.1775012935503, 766.3197118019353]
[751.4913898253469, 695.1389807842262, 654.91653971364, 769.4873116649661]
[749.5787216746637, 696.8591299237565, 651.468036565454, 772.4298807228214]
[747.4413608851661, 697.9329679850006, 647.8304052109514, 774.858803811175]
[744.9087509969413, 697.3520579985684, 643.8160450495348, 775.7515701154072]
[741.9687936784992, 695.4421328710246, 639.3977626095779, 775.4258714227329]
[737.4948676896336, 693.9682957661771, 633.2859344655467, 775.4834044470447]
[731.1869937227365, 696.363361037811, 625.219344657034, 779.4469087980146]
[723.6086121913129, 701.7828218660726, 615.7817828798792, 786.4758518651488]
[714.2088977413625, 705.65947589367, 604.4918593897074, 792.0541426314549]
[704.0078597894969, 706.237998760744, 592.5696217651445, 794.6177010123313]
[693.1174182639088, 704.13622875569, 579.9164457448517, 794.58136497797]
[681.3485509786076, 702.8925334461632, 566.2585237163897, 795.4249897024428]
[669.0942295966466, 704.6341134977533, 552.0191708481375, 799.336231311178]
[656.6266572976796, 705.50710509218, 537.5090454239465, 802.4608723739422]
[643.8478883405655, 705.4438880156393, 522.7362776481262, 804.8519095616363]
[630.5267289260661, 706.4554589274613, 507.41559809562705, 808.5090676348606]
[617.0982118965932, 708.5971961253211, 491.87673436578956, 813.3602242539977]
[603.465736526339, 713.7419391289743, 476.0734279088614, 821.3533591793068]
[589.6706051867062, 718.3061320582256, 460.14676990422396, 828.9698660973295]
[575.3361377841844, 722.1340370291501, 443.8721415989307, 836.189437542983]
[560.1175017329848, 726.0911670734797, 426.8707661095144, 843.8429273859579]
[543.9785948327241, 729.3018002157729, 408.8000035402776, 850.7961555899401]
[527.460386852826, 733.1955532880959, 390.2405075233731, 858.4987754715739]
[508.9272986371312, 734.7257327096405, 369.87299675826165, 864.122438529144]
[489.0125707727718, 733.1793906335253, 348.5555143705398, 867.1487032803835]
[466.6696802784342, 730.7047551759234, 325.17473155077175, 869.7043756922499]
[442.37711093098807, 731.0945232178876, 299.77258999125604, 875.2115640390049]
[415.1841861237107, 738.0017264323656, 271.9620275271974, 887.8531997134888]
[384.595829329168, 751.2975084731316, 241.55404080931442, 907.441005993324]
[350.649923969929, 759.5228225992153, 208.43959092145533, 922.094512098341]
[1560.0123652188026, 800.2022725132753, 1547.7028054633786, 1014.6235813654258]
[1426.8622338605, 815.877314625074, 1466.8988142487974, 1037.2281486621578]
[43.89709812221695, 325.0741694090269, 131.8217152078933, 391.2958505197313]
[106.52287423827148, 324.7943870711259, 190.75529161648507, 390.2518978338594]
[163.40370175450565, 320.13645360098815, 244.27703016610153, 384.96736640050494]
[215.72369510678035, 318.8098110654355, 293.482628331826, 383.07621329847245]
[264.8615489165375, 318.53924115011085, 339.75999886924103, 382.22483231287606]
