[1072.3398258832444, 666.8970770823007, 1024.32531814235, 719.4812873850126]
[1075.7114079589621, 667.1455140210587, 1027.2357780671648, 720.5176864362344]
[1078.2137728705857, 667.4557394763237, 1029.1747794305613, 721.5479220295236]
[1080.368885268875, 664.3362529376501, 1030.695605812782, 719.1061401994397]
[1082.9175730642824, 661.9902410722098, 1032.6693583464662, 717.519155789531]
[1085.3467141050533, 662.560301590851, 1034.5364237013, 718.8846424414473]
[1087.5428500641347, 666.6898221444216, 1036.110434104028, 723.784851588981]
[1089.49532595094, 667.9942951024235, 1037.448289032839, 725.8988947825496]
[1091.9338924066808, 665.2734122041495, 1039.3434769087037, 724.0851559324096]
[1094.012421626474, 664.0951276212896, 1040.8874232836633, 723.8494945706994]
[1095.4130654058702, 668.4580666798952, 1041.7626481584882, 729.1969745450746]
[1097.0414957829842, 671.783123618667, 1042.7165277416425, 733.4067754391198]
[1098.6509169007736, 668.9053488899311, 1043.5775489692514, 731.3725323773831]
[1100.6133098441323, 660.7478621521216, 1044.7845238663385, 724.0808898517217]
[1102.6322073049184, 656.711132556936, 1046.1094332277828, 721.000119197755]
[1104.8151260648701, 660.887322878659, 1047.6369034305405, 726.2049127880973]
[1107.2025582114827, 668.541365245956, 1049.2803116761218, 734.8537436788562]
[1109.6121295764704, 671.121941895835, 1050.8447314451064, 738.3801192728031]
[1112.7224810692248, 664.9605128233593, 1053.1345277009575, 733.2249739571607]
[1115.510393870224, 656.7135238046706, 1055.239845276842, 726.1478096845876]
[1118.1402942292514, 654.7103318485485, 1057.2547769541563, 725.4120170210493]
[1120.9312164310616, 661.0476375989739, 1059.3155645628383, 732.966912475228]
[1123.9101785569508, 668.6729461963744, 1061.4765218855302, 741.7964217690073]
[1127.0141915475924, 669.7117424529316, 1063.7524916359505, 744.0856747514606]
[1130.2468091075066, 663.6543777244135, 1066.1699477778927, 739.3365871875583]
[1133.3031291941968, 658.8336966742547, 1068.500212367245, 735.9522186981903]
[1136.8643246224924, 661.0478522239987, 1071.2214725642189, 739.5696077729019]
[1140.8824578589977, 669.2334417193199, 1074.204694344985, 749.0588688979163]
[1144.9838650405663, 675.5746213490401, 1077.2408050381064, 756.7587819511407]
[1149.1951056582739, 674.3965459194719, 1080.4157296822766, 757.0414733037803]
[1153.6254040841443, 669.5116967561288, 1083.8725078860386, 753.7340429408953]
[1157.934892484244, 663.7879074667743, 1087.1844010267957, 749.6334716442127]
[1162.7361994555458, 662.1422141483986, 1090.9106239267912, 749.6146867910063]
[1167.5922486770864, 663.7578872511199, 1094.7815013662223, 753.0197751747445]
[1172.992458405159, 665.4915326749008, 1099.213618603703, 756.6554373920437]
[1177.9709610961736, 667.6743540132106, 1103.2097310116917, 760.8197858578454]
[1183.1733160278868, 668.3904497740572, 1107.297629392533, 763.5001102282628]
[1188.6320432363223, 667.5429114019609, 1111.5314436764534, 764.6177228815784]
[1194.6303044035685, 664.2026610259236, 1116.2957293689676, 763.340140192371]
[1199.6672446220873, 661.6042316174015, 1120.2228242717156, 762.9978610469698]
[1204.4379375540602, 662.0541399267612, 1123.921024150286, 765.84986732368]
[1209.4226108259882, 665.8045299239566, 1127.6584932592414, 771.9734918243994]
[1214.5679858667677, 671.032810802533, 1131.3968008862369, 779.5750130520657]
[1219.7745459336918, 672.7216412258405, 1135.4379111917217, 783.989182976627]
[1225.8095734022654, 673.4121027637202, 1140.479754060453, 787.701833554288]
[1231.438393531171, 673.842025539424, 1145.138818438573, 791.3176960035854]
[1236.8324757235582, 673.2536904863059, 1149.3564744484486, 793.9063806316238]
[1242.7473035460769, 670.1768237452691, 1153.8747196651013, 793.9971127132859]
[1249.651211036401, 664.187973475559, 1159.479359576515, 791.4139573643838]
[1256.646417135346, 659.8192824708964, 1165.1996902910628, 790.6371926987379]
[1264.0330645226247, 658.9121756832359, 1171.1201159472278, 793.3534747262686]
[1271.0490407987265, 660.6149819071057, 1176.5887212154569, 798.8063100086399]
[1279.2527054429818, 662.3212864683736, 1183.177825523311, 804.4601929089563]
[1287.652471000784, 661.4899844831689, 1190.1168465515411, 807.9021670586322]
[1296.16382850783, 661.2396430285158, 1197.272893687213, 812.2444480881172]
[1305.3120844036935, 663.3105516421211, 1205.093766691467, 819.191161984617]
[1314.545957564708, 665.0861196602962, 1212.9304090595865, 826.0876252354346]
[1324.233308945732, 664.3932070139406, 1221.1894255205634, 830.7760263344347]
[1334.2614099216103, 662.5342081444578, 1229.9198025601763, 834.6831916836262]
[1345.3709752492307, 661.3412681341359, 1239.8399410033217, 839.6493848114899]
[1357.1853203657138, 662.0462583567574, 1250.6493406180348, 846.9441292528153]
[1369.3096583992387, 664.2784046996472, 1261.7221631498314, 856.0874126921971]
[1382.1100711657189, 666.5304481691331, 1273.430607150884, 865.5862067156136]
[1397.0872904582618, 668.0086005038402, 1287.4042578804049, 874.7406448841725]
[1414.1251398966308, 669.4408266613593, 1303.6023770069778, 884.3878521133897]
[1433.0482522196137, 669.6201612321086, 1322.1038809479796, 893.46034819835]
[1455.468680544699, 669.9977353078141, 1344.421803990581, 903.3826947374804]
[1481.6044830755116, 671.0655889429565, 1370.5971172178415, 914.5668173725256]
[1514.4237847698957, 671.003577239338, 1403.5833584149384, 925.3058441897708]
[1556.395900513066, 670.3850954074001, 1446.1144344128595, 936.3896541531519]
[1607.3065019184223, 670.3003421182445, 1498.7541583515424, 949.3631581933055]
[1667.9285670500083, 669.9742351208506, 1562.3014843271926, 963.5571100652553]
[479.6771269293865, 666.964674981809, 440.9298738600195, 1043.461586321458]
[587.7798815125481, 665.4293298083642, 572.3371546040233, 1054.3764121542154]
[701.8326477129156, 663.9081285511008, 712.8354257701535, 1066.5895421934986]
[824.2654422739437, 663.3858031269826, 865.28501604921, 1081.2741990537374]
[954.0889347570762, 665.9229721971462, 1029.7909916939816, 1101.2740697973495]
[1091.6586637994042, 667.0208771505254, 1208.3619474896386, 1122.289374495238]
[1237.0618091996448, 666.5884974409888, 1402.5771396068028, 1144.8826419518193]
[1390.6637778227478, 662.8939260514564, 1615.2249528531997, 1167.7604655722334]
[226.77636560766263, 243.08821667901043, 624.1402268868701, 756.520927190597]
[411.35460458615154, 245.37353471441867, 847.2697161341613, 753.6548423564877]
[589.3202819092696, 244.72307575566367, 1065.3395909507362, 749.9782430509171]
[762.567771858461, 242.2119884399444, 1281.090840062819, 746.8070854256133]
[932.9970741572668, 243.079824528208, 1497.364063396223, 749.1940697692809]
[1100.379945728227, 240.99350518927972, 1715.016612222158, 750.3658969671055]
