[1619.2323115066913, 657.110671972348, 1349.298185152928, 783.3558930695795]
[1634.7952684043207, 668.3770621898456, 1359.0580501402046, 797.7754498669506]
[1649.6336285170985, 672.1914492600428, 1367.9779692344619, 805.1482055146877]
[1663.5616681970812, 665.611391946881, 1375.6905300730284, 802.253588046819]
[1678.5750489017184, 659.1802712270767, 1384.0810341105075, 799.4083169624662]
[1693.0895411233992, 657.0231540222279, 1391.9752949477986, 801.241848019722]
[1707.50853967434, 659.3419864644372, 1399.5834007849824, 807.6514383408221]
[1722.2899619444424, 661.7066409284175, 1407.3464011740627, 814.4299865167828]
[1738.4444091080595, 660.8170576727749, 1416.110778738447, 818.3071517323448]
[1757.1282148832731, 657.17614370524, 1426.864323986593, 819.7126362509674]
[1777.9579099200846, 653.2620524472525, 1439.4201667098114, 821.4893935108669]
[1801.5597319763758, 653.182936011448, 1454.1892994714585, 827.3361593344042]
[1827.6448752334188, 654.6462992482076, 1470.8509405238606, 835.0039090868969]
[598.9488347371046, 651.2695451466435, 171.69954778457893, 957.8570733545475]
[659.6091203719815, 652.9419248248016, 236.03823784933192, 973.7196472537445]
[723.5185145086009, 655.2536019767224, 305.49787945504704, 991.5873613426834]
[791.7664118814605, 655.4858328309795, 381.90715096745015, 1009.0676116917062]
[865.1638986310342, 653.7691319201344, 466.77211877320366, 1026.452063953445]
[943.7166462562836, 650.1162738132374, 560.7972833543058, 1044.0542954347127]
[1026.8284091538692, 649.2512829923398, 664.2454865934924, 1066.8830095309647]
[1115.4204750567026, 651.9982396604773, 780.2047917334959, 1097.047737021558]
[1210.4118686526788, 656.467766711481, 911.5464722590269, 1133.1936756362334]
[1313.3370619899856, 658.7604511631927, 1062.1866725970917, 1171.8599912042737]
[1426.0979571932376, 656.0438808375734, 1237.838664374814, 1211.464972634904]
