[984.8834907936749, 662.17898812764, 997.9445389912235, 683.4699173332446]
[990.4438204904003, 657.9978293129901, 1003.465600345557, 679.4350940820698]
[1002.7376679241847, 657.7071661222407, 1015.7424708576157, 679.2784796639774]
[1021.3094706894501, 659.8128000863856, 1034.3105271434827, 681.5162414412133]
[1045.6027902435958, 661.5679119761212, 1058.6366364928185, 683.3906940121318]
[1074.27506666007, 661.2557457688407, 1087.326056322816, 683.2189831704836]
[1106.00878543213, 658.2768053051597, 1119.0080750148352, 680.435124893803]
[1141.5626106572345, 656.012651185798, 1154.5359630938215, 678.3692162055252]
[1183.3168531582403, 653.1407782197665, 1196.3375196329168, 675.6788525112884]
[1229.3078754871392, 654.9385389623959, 1242.4359380908054, 677.6563073636331]
[1277.8059683884821, 659.9414033011807, 1291.0609815642733, 682.8622201309131]
[1330.0106245975203, 664.2321714565281, 1343.4163352487767, 687.3817708060163]
[1388.1623556691045, 666.0698481681391, 1401.7393220553756, 689.4881856681851]
[1450.4926013499392, 665.7560449323823, 1464.2411208224253, 689.4949766284411]
[1517.5429203319782, 664.5789110511415, 1531.5063266778507, 688.6774907870887]
[1588.4386235591705, 663.9379309523581, 1602.6942865877893, 688.4214198232772]
[1662.5082781477252, 663.4732627162235, 1677.1419396018202, 688.3665483987617]
[1740.128812954505, 663.2188704887744, 1755.2157833583108, 688.5614929702081]
[88.15529236786773, 668.6345755930895, 103.49852423355499, 694.3418029921361]
[1822.6479178585737, 660.9847735175276, 1838.2236366683017, 686.8493601612253]
[173.61466813342793, 665.3282841814548, 188.59354891296024, 690.9008111341832]
[258.62291244345255, 661.3310114127563, 273.2886484379663, 686.8021550730144]
[342.2179879769648, 656.2556125898798, 356.6386740435481, 681.6561857502361]
[425.11400624099946, 650.2494623220892, 439.3795022669317, 675.592007366815]
[507.457757228349, 643.576133166088, 521.5783067856254, 668.9163200004174]
[588.9078489876446, 638.4751553019806, 602.9617470752622, 663.8294817485195]
[670.3544071464114, 636.1647719646143, 684.3568337764448, 661.5817474204432]
[751.8720801809545, 635.7987078521434, 765.8927312938866, 661.302803942399]
[834.277096102646, 634.4061117599654, 848.3747228320368, 660.0338953509865]
[917.9342235007061, 632.9756135154827, 932.1404796609711, 658.7804453677057]
[1001.5769238220313, 630.9027565811338, 1015.9732003897818, 656.9142891601564]
[1085.3492015347636, 630.0716088708454, 1100.0106482804056, 656.3253379054344]
[1170.248412399537, 628.718125843048, 1185.2354387758858, 655.2628294137825]
[1255.855216865516, 625.8149455546379, 1271.2233875322365, 652.7036967440391]
[1342.4480899745113, 622.1989259077297, 1358.236110603476, 649.4994292650558]
[1430.7009313361398, 618.3172503062995, 1446.99623296078, 646.0773750096699]
[1521.488414155142, 614.3991212483515, 1538.378395908447, 642.6787426431587]
[1613.8565441632188, 610.0666298700498, 1631.4123225692729, 638.9342766018948]
[1706.395963818978, 603.4481891158238, 1724.7339890133871, 632.9393057040984]
[1801.194724118827, 595.8160350280657, 1820.3999855423567, 626.0036276213444]
[90.58988151095426, 592.9355114758752, 109.22515589656282, 623.3168615127915]
[183.92692616753268, 589.2525454383855, 202.30526914204168, 619.4450332099816]
[272.6690871241408, 589.6944076131695, 290.8529807939661, 619.7553325844954]
[356.76076499863495, 591.9442430831505, 374.81058223579663, 621.938267897091]
[437.09807940505516, 590.6547117360452, 455.1334789175175, 620.6177795478542]
[515.047254859041, 589.1608532031928, 533.0799713294724, 619.1665382988383]
[587.8410407929122, 587.8668337329524, 605.9490450049191, 617.9570366320177]
[654.99930660618, 586.398225258734, 673.291650628166, 616.5896568000353]
[719.6633024129726, 584.3216983580317, 738.1760502744396, 614.657152243626]
[781.7739020896537, 580.2181426941793, 800.5951426419339, 610.7057180189588]
[839.7369287158876, 580.9727400992055, 858.8668105969751, 611.6599378071518]
[892.8712055062532, 583.8128631263091, 912.2782561837884, 614.7704501824301]
[942.3024897200127, 581.8764578066163, 962.0452788069756, 613.1214398020063]
[988.9038405168805, 577.4495805693147, 1009.0741913025906, 608.9631232419014]
[1029.287858064108, 572.4149270515657, 1049.9682067950166, 604.1744233189232]
[1062.1938020764119, 574.204624183739, 1083.3711145620364, 606.2315458109382]
[1090.9238437696558, 579.3288833529713, 1112.6066650949704, 611.6351265989535]
[1118.5892110219647, 583.3129558705663, 1140.7713575344667, 615.9272400786663]
[1145.1865781811073, 581.9869767800011, 1167.86530358506, 614.9358967174086]
[1167.808589534077, 579.448596503569, 1191.013836210938, 612.7235864805701]
[1189.2150917577228, 579.9514125713604, 1213.0024310339263, 613.5294736655107]
[1212.2484630628667, 581.2348419543654, 1236.7066113400017, 615.0800317129753]
[1236.0565367080158, 582.929056085005, 1261.1967215033876, 617.0617396870381]
[1259.3088062391582, 584.0050249274489, 1285.0621124191357, 618.4972709426335]
[1283.1289723955003, 582.7208635956805, 1309.4994214218696, 617.598777773981]
[1309.1649293571459, 580.5617651310889, 1336.203468314003, 615.8256408103144]
[1336.519270601895, 577.2555755161985, 1364.3041959945288, 612.883130904108]
[1364.463476267434, 574.9891751334037, 1393.0474871365102, 610.9741589363574]
[1393.7015832529562, 573.6014979970535, 1423.0784283771882, 609.9923539161058]
[1425.3790817334282, 570.4300403515504, 1455.5309370057853, 607.2924854407003]
[1458.1074772348857, 565.9956843707765, 1489.0064907856915, 603.3970000629072]
[1492.2978403871653, 564.1789004951626, 1523.973691075425, 602.1493324796082]
[1527.2926513578102, 566.2118990399731, 1559.8882160737494, 604.6920855360552]
[1562.8883363195846, 571.4726589655904, 1596.5493678746798, 610.4044393145516]
