[1700.66206017536, 314.0182234921791, 1624.757644540079, 374.95339261289075]
[1759.0875471233621, 312.80749583173025, 1683.0035335215402, 374.388670097621]
[105.32161818286609, 729.3710064342941, 25.304443706484776, 796.333725771939]
[1821.0565337911128, 313.42927274672337, 1744.6741396580885, 375.79241978921254]
[171.1682183297671, 730.7051265684285, 94.29283445823114, 797.1416395426189]
[1887.327237415852, 315.9434684550669, 1810.4885960719175, 379.2282629310107]
[237.48040377822568, 732.9724828778446, 163.5514564548695, 798.968650246358]
[305.0764167283565, 731.6339869078358, 233.86107017267832, 797.1427324219059]
[373.3749739748975, 727.6020714712848, 304.61898865395267, 792.6125255550543]
[441.9616306940289, 723.688809107598, 375.46670313447163, 788.2917085066824]
[510.2756081646514, 719.0051494716039, 445.8773153998588, 783.3261196841887]
[578.122603560327, 716.5425249937726, 515.7129364017438, 780.7717408350629]
[646.1001142415106, 711.4219386357688, 585.4613917355765, 775.5888962258458]
[713.6721789712927, 708.5262490798611, 654.6328498238702, 772.7486990490745]
[781.2062903501486, 706.6422254914805, 723.4901200954757, 770.9246894337132]
[848.9161401646235, 706.9459235299179, 792.319917243602, 771.3572501609999]
[917.7406770555103, 707.8443074563626, 862.1430865979314, 772.5079507743438]
[987.314981354085, 707.0547945027406, 932.5307266236861, 772.0164029144034]
[1057.162224286996, 707.4476345666532, 1003.0887983401853, 772.8417288712831]
[1126.428212923797, 709.6949344386171, 1072.9374204249712, 775.6325155338775]
[1196.5984297966065, 711.9328975300186, 1143.5434816581464, 778.4928371951004]
[1266.8901186134588, 712.8396003759669, 1214.1473553121214, 780.134451137176]
[1337.4115455286815, 711.3449643018465, 1284.7864864388284, 779.4392637025462]
[1408.6121313055621, 710.3350898233464, 1355.9746166203106, 779.3516998989147]
[1480.559741626219, 709.4374365030138, 1427.752979225698, 779.4842127946773]
[1553.0442110743816, 707.3320582550167, 1499.8855762029282, 778.5097426514508]
[1625.0717883632133, 705.305619180363, 1571.50772420182, 777.7857444940216]
[1696.7087293650338, 701.460918125084, 1642.6004283951627, 775.3584349717535]
[1768.8694779564394, 698.5853656178334, 1714.0641396933026, 774.025084704447]
[102.48408430492374, 705.908447143008, 46.131103873240605, 784.7956123306329]
[1840.9506356878283, 698.1602314005588, 1785.171317851711, 775.1668557304505]
[170.1212365745262, 704.4116077427811, 115.0794438235244, 783.0482880250499]
[233.55584275474925, 703.1257055943254, 179.7962694585333, 781.7653523920385]
[294.60724547398775, 699.5732043611963, 241.873482479666, 778.2639000919618]
[350.1203219902651, 696.2717998798415, 298.18096078028407, 775.1579962052203]
[399.54361748833895, 695.6473201290944, 348.3212753090484, 774.9520979258356]
[445.3909599157226, 694.1679623671052, 394.7254047806201, 773.9756249365215]
[488.33875374709106, 693.87026221775, 438.2485061560247, 774.3546601829162]
[526.646834059195, 694.4293476446425, 476.8013711449234, 775.5967006172021]
[558.8838990553154, 692.2196933116157, 508.89494126320324, 774.0161077961966]
[586.7283020763257, 688.4519244063032, 536.7104369335561, 771.0656133216247]
[610.8582826673497, 685.9508630711146, 560.9341946814413, 769.5838607351664]
[628.7386284371823, 686.4468258882634, 578.9721693078749, 771.2807356595843]
[638.1580774528172, 689.611866113642, 588.2226163776722, 775.6323154126438]
[642.0973078389663, 694.336941739344, 591.76352898809, 781.5338186744165]
[643.7113670888473, 697.5764286488966, 592.9487811925444, 785.9887305239674]
[643.6073412566159, 696.3081417695828, 592.5501674375616, 786.0485725693578]
[638.7181613918607, 695.0957056391005, 587.4945614442689, 786.3226674471522]
[631.2983878650351, 697.2287039173608, 579.8337736499128, 789.997728007297]
[624.5243445484984, 703.7939748346769, 572.9086690491978, 798.2083729071727]
[617.8708758206539, 710.4313966277332, 566.0736062900347, 806.5259363013009]
[609.5214001101142, 712.0592708548128, 557.4484177472044, 809.8193941318241]
[599.8355611807018, 710.8875987522084, 547.5975034087646, 810.4169401825441]
[591.6370726402702, 710.0930767244441, 539.3445800215758, 811.4844200424591]
[583.4017956385426, 711.4333741219108, 531.2068831660262, 814.8365940228958]
[574.5786678666808, 714.7221171834021, 522.5399264789555, 820.2476867799859]
[565.4939233262045, 716.4731577195265, 513.5604296682884, 824.1604068952985]
[556.5917963070868, 714.012312040281, 504.84809381233714, 823.9035565429296]
[547.0682805470478, 708.363423627766, 495.6272054177334, 820.5620576771728]
[537.2536526831714, 701.8367987072494, 486.04405708361037, 816.4401403817826]
[527.1228149711072, 701.7846674291443, 476.1089898238355, 818.944798091701]
[516.4178298674245, 708.196790568232, 465.60672089303534, 828.0554767376408]
