[318.76015567655946, 634.2738046871882, 87.85501462219652, 777.6956141805471]
[349.430462883607, 636.0540442794713, 118.51486256202953, 783.7857493774058]
[382.0161565883198, 638.4050360006039, 151.01142573334752, 790.0178990337154]
[416.13893116974936, 635.9332761742074, 185.05960399628796, 791.0025953052672]
[452.41364835429215, 629.0876656283614, 221.50933638248088, 787.4478613164199]
[489.69777565799353, 625.3984162293204, 259.64414543532683, 787.870463204947]
[528.4446004992432, 628.0620879211792, 300.0156674975778, 795.5617579723647]
[568.9806918845655, 634.4718475819599, 342.6132493129104, 807.259429246145]
[611.6850995732145, 636.8350349232433, 387.57972533021695, 814.5423248999831]
[657.2783091337127, 631.5655008674627, 435.86061371041814, 813.9731236070473]
[704.4841925440571, 622.3359168495351, 486.70869213113207, 810.0259262351733]
[753.4497094165922, 617.5168238363268, 540.6003398402682, 811.5099528521483]
[804.8648202924348, 620.9834009156468, 598.028766655347, 821.8802459616701]
[858.9265552994887, 625.3235882244788, 659.2016180214655, 833.4951645083136]
[916.9996261988335, 624.2349215801303, 725.3675578912264, 839.7015648860813]
[978.2411935840373, 617.5054376809455, 795.9594667740104, 840.4389019896801]
[1042.546515355268, 610.3805106903759, 871.6966052748484, 841.6128009417939]
[1110.7022429602955, 610.6207165708303, 953.6347864167831, 850.9784421147266]
[1183.5593239910943, 617.4334591940302, 1042.9424701550265, 867.6628010856076]
[1261.414030455069, 622.4292025730605, 1140.133801120438, 883.2941511066956]
[1344.991233572815, 621.4059125845029, 1246.220263263486, 893.6863449718816]
[1434.402879256174, 616.6373892962214, 1362.2416655035709, 901.3872506712169]
[1529.725806453562, 612.5210346220965, 1488.9337403670602, 911.035891289577]
[1631.6023748993387, 610.9556024035352, 1628.7982145642875, 924.7405887921033]
[276.4362931515157, 185.24889894210207, 420.3477016466623, 520.9374686029438]
[395.7308311843239, 186.34205303591895, 587.1027240758687, 521.7623383382304]
[514.8832120310768, 187.99692770383894, 753.2033927919967, 523.3024430823973]
[633.872981174846, 188.16728705070315, 918.845840754888, 523.6733091826927]
[751.1091412919807, 186.00632112065176, 1082.4250882544738, 521.1326562907666]
[867.1469502313493, 183.8748602580515, 1244.7909414747583, 518.1626980951854]
[982.1092422277408, 186.34798435022134, 1405.9028513220137, 519.2414873310896]
[1096.1484846512997, 189.30669103403824, 1565.657551643617, 520.7176739339443]
[1210.0815981338405, 186.0336663753887, 1724.6277493383084, 516.5644821906202]
[1324.1498536510694, 178.28784777152174, 1883.287060629877, 507.86951320113457]
